12
8 13
0 0 1 0 0 0 0 1 0 0 0 0 0
0 0 0 0 0 0 0 1 1 1 0 0 0
0 1 1 0 1 0 0 0 0 0 0 0 0
0 1 0 0 1 1 0 0 1 0 1 0 0
0 1 0 0 1 1 0 0 1 1 1 0 0
0 0 0 0 0 0 0 0 0 0 1 0 0
0 0 0 0 0 0 0 1 1 1 0 0 0
0 0 0 0 0 0 0 1 1 0 0 0 0
1 8
0 0 0 0 0 0 0 0
37 37
1 0 1 0 0 1 1 1 1 0 0 1 1 0 1 0 0 0 0 1 0 0 1 0 0 1 0 1 0 0 1 1 0 1 1 1 1
1 1 1 1 1 0 1 1 1 0 0 0 0 0 0 1 1 1 0 1 0 1 0 0 1 0 1 1 0 0 0 1 1 1 1 1 1
1 1 1 0 1 0 0 1 0 0 0 1 1 0 1 0 0 0 1 0 0 0 1 0 1 1 0 1 0 1 0 1 0 1 1 0 1
1 1 1 1 1 1 0 1 0 1 0 0 1 0 0 1 1 1 1 0 1 0 1 1 0 1 1 1 0 1 1 0 0 0 1 0 1
1 0 0 0 1 1 1 1 0 1 1 1 1 1 1 1 0 0 1 0 0 1 1 1 0 1 1 1 1 1 1 0 0 0 1 1 1
0 1 0 1 1 1 0 0 0 0 1 0 1 1 1 0 0 0 0 1 0 1 1 0 0 1 1 0 1 1 0 1 0 0 1 1 1
0 1 1 1 1 0 0 1 1 1 1 1 1 0 1 0 0 1 0 1 0 0 1 1 1 1 0 1 1 1 1 0 1 0 1 0 0
1 0 1 1 0 1 1 0 0 1 0 0 1 1 1 0 0 0 0 1 0 0 0 0 0 1 1 1 1 1 0 0 1 0 1 1 1
1 1 1 1 1 1 1 0 0 1 1 0 0 1 1 1 0 1 1 0 0 0 0 0 0 0 0 0 1 1 0 1 0 0 0 1 1
0 0 1 0 1 0 1 0 0 1 1 0 1 1 1 1 0 1 1 0 0 0 0 0 1 0 0 1 1 1 0 1 1 1 1 1 1
0 0 0 0 0 0 1 0 1 0 0 1 0 1 0 0 0 1 1 1 1 0 1 1 0 1 1 1 0 1 1 1 1 1 0 0 1
1 0 0 0 1 1 0 0 1 1 1 0 1 0 1 1 0 1 0 1 0 1 0 0 0 1 0 1 1 0 0 1 0 0 1 0 1
0 1 1 0 0 1 1 0 1 0 0 0 0 1 0 0 0 0 1 1 0 1 1 1 0 0 0 1 1 0 0 1 0 1 0 0 1
1 0 0 0 1 0 0 1 1 0 0 0 0 0 1 0 1 1 1 1 1 0 0 0 1 1 0 1 1 0 0 1 1 0 1 0 1
0 0 0 1 1 1 0 1 1 0 0 0 0 0 0 1 0 0 0 1 1 0 1 1 0 0 1 1 0 0 1 1 0 0 1 0 0
0 0 1 1 0 1 0 1 1 1 0 0 1 1 1 0 0 1 1 0 0 0 0 1 1 0 1 0 0 0 1 0 1 1 0 0 0
1 0 1 1 0 1 1 0 1 1 0 0 0 1 1 0 1 1 1 0 1 1 1 0 1 0 0 0 0 1 0 1 1 0 0 1 0
0 1 1 1 0 1 0 0 1 0 1 1 1 1 0 1 0 0 1 1 1 0 0 0 1 1 1 1 0 0 1 1 0 0 0 1 0
1 0 0 0 1 1 1 1 1 0 0 0 0 1 0 0 0 0 1 0 1 1 1 1 1 1 1 0 1 1 1 1 1 0 0 1 1
0 0 1 0 1 0 0 0 0 0 0 0 1 0 1 0 0 1 1 1 0 1 1 1 1 1 0 1 0 0 0 1 0 1 1 0 1
1 0 0 1 0 0 1 0 0 0 1 1 0 0 0 1 0 1 0 0 0 1 0 0 1 0 1 0 1 1 1 1 1 1 1 0 1
0 1 1 0 1 0 0 0 0 0 1 1 0 0 1 1 0 1 1 1 0 1 1 1 0 0 0 1 1 1 0 0 1 1 1 0 1
0 0 1 1 1 0 1 0 1 0 0 0 0 0 1 0 0 1 1 0 1 1 1 1 0 1 0 1 1 0 1 1 0 0 0 0 1
1 1 1 1 0 0 1 1 0 1 0 0 0 1 1 1 1 1 1 1 1 1 0 1 1 0 0 0 0 1 0 1 0 1 0 0 1
1 0 0 1 0 1 1 0 1 0 0 1 1 0 1 1 1 1 1 0 0 1 1 1 0 0 1 0 0 1 0 0 0 0 0 0 0
0 0 0 0 0 1 0 1 0 0 0 0 0 1 0 0 0 1 1 0 1 0 0 0 1 0 1 0 1 1 1 1 1 1 0 0 1
1 0 0 1 0 1 0 1 1 1 1 0 1 0 1 1 0 1 1 0 1 0 0 1 0 0 0 1 1 0 1 1 1 0 1 0 1
1 0 1 1 1 0 0 1 1 1 0 0 1 0 0 1 0 0 1 0 1 0 1 1 0 1 0 1 1 0 1 1 1 1 0 1 1
1 0 1 0 0 1 1 1 1 0 1 1 1 0 0 1 0 0 1 1 0 1 1 1 1 0 0 0 1 1 1 1 0 0 1 1 1
1 0 0 1 0 0 0 1 1 1 1 0 0 1 0 1 0 0 0 1 0 1 0 1 0 1 1 0 0 1 1 0 1 1 1 1 0
1 0 1 1 0 0 1 1 1 0 1 1 1 1 1 0 0 1 1 1 1 1 0 1 0 0 0 0 0 0 0 0 0 1 0 1 1
1 0 1 0 0 1 0 1 0 0 1 0 1 1 1 1 1 1 1 1 1 0 1 0 0 0 0 0 1 0 1 0 1 1 1 0 0
1 0 1 1 0 0 1 1 1 0 1 1 0 0 1 0 0 1 1 0 1 0 1 1 1 0 1 1 1 0 1 0 1 0 1 0 1
1 0 1 0 0 0 1 1 0 0 1 1 0 1 1 1 1 0 1 0 1 0 0 1 1 0 1 1 0 0 1 1 1 0 0 1 0
1 0 1 0 0 1 0 1 1 1 1 1 1 0 1 1 1 1 0 1 0 1 1 0 1 1 0 0 0 1 1 0 0 0 0 0 0
0 0 0 1 1 0 0 1 1 1 1 1 0 0 0 0 0 0 0 1 1 1 1 1 0 1 0 1 0 1 1 0 1 1 0 1 1
0 1 1 1 0 0 0 1 0 1 1 1 1 1 0 0 1 0 1 0 0 0 1 1 0 1 1 1 0 1 0 0 1 1 0 1 1
3 5
1 1 1 1 0
0 0 0 0 1
1 0 0 0 1
33 2
1 0
1 1
1 0
1 1
1 0
1 0
0 0
1 0
1 0
1 0
1 1
0 0
0 1
1 1
1 0
1 0
0 1
0 0
0 1
1 1
1 1
0 0
0 0
0 1
0 1
1 1
0 1
0 0
0 1
1 1
1 1
0 1
1 0
27 45
1 1 1 1 0 1 1 1 1 0 0 1 1 1 1 1 1 0 1 0 0 1 0 0 1 1 1 0 1 0 1 1 0 1 0 0 0 1 1 0 1 1 1 0 0
1 0 0 0 1 1 0 1 1 1 0 0 0 0 1 0 0 1 1 0 1 1 1 1 1 0 1 1 0 0 0 1 1 0 1 1 0 1 1 1 1 0 1 0 1
0 1 1 0 1 1 1 1 1 0 1 1 1 0 0 1 1 1 0 1 0 0 1 0 0 0 0 0 0 1 0 0 1 1 1 0 0 0 1 0 1 1 0 1 0
0 0 0 0 1 0 0 1 1 0 0 0 0 0 1 1 0 1 0 0 0 1 0 1 0 0 0 0 1 0 1 0 1 0 0 0 1 1 1 0 1 1 1 1 0
0 1 1 0 1 1 0 1 0 0 1 1 0 1 0 0 1 1 1 1 0 0 1 1 1 0 1 1 0 0 0 0 1 1 0 0 1 1 0 1 0 0 0 0 1
0 0 1 0 0 1 1 1 1 0 0 1 1 1 1 1 0 1 1 1 0 0 1 0 1 0 1 0 1 0 0 1 0 1 0 1 0 1 1 1 0 1 0 1 1
0 1 0 1 0 1 1 1 0 1 1 1 1 1 0 0 1 0 0 1 0 1 1 1 0 0 0 1 1 0 1 0 1 1 1 1 0 1 0 0 0 1 1 1 0
0 0 0 0 0 1 1 0 1 0 0 0 1 0 1 0 1 0 0 1 0 1 1 0 0 1 1 0 1 1 1 1 0 0 0 1 1 1 1 0 0 1 1 1 0
1 0 0 0 0 1 1 1 1 1 1 1 0 0 1 0 0 0 1 0 1 0 0 1 0 1 0 1 0 1 0 0 1 1 1 0 0 1 0 1 0 1 0 1 0
1 1 1 0 0 1 1 1 0 1 0 1 1 1 1 0 1 1 1 0 1 0 1 1 1 0 1 1 1 1 0 1 1 0 0 1 0 1 1 0 1 0 1 0 0
0 1 1 0 1 0 1 1 0 0 0 1 1 0 1 0 0 1 0 1 1 0 1 1 0 0 1 1 0 1 1 0 1 1 1 0 0 0 0 0 1 0 0 0 1
0 0 0 1 0 0 1 1 1 0 1 1 1 0 1 0 0 1 1 0 1 0 1 0 1 0 1 0 1 0 1 0 1 1 1 1 1 0 0 0 0 1 1 1 0
0 1 1 0 0 0 1 1 1 1 1 0 1 1 0 1 1 1 1 1 1 0 1 1 1 0 0 0 0 1 0 1 1 0 0 0 0 1 0 0 0 1 1 1 1
1 0 0 1 0 1 1 1 1 0 0 0 1 0 0 1 1 0 1 0 0 0 1 0 1 0 1 0 1 0 1 0 0 0 0 0 1 0 0 0 0 0 1 1 1
1 0 0 0 0 0 0 0 1 0 0 0 0 0 0 0 0 1 0 0 1 0 1 1 1 0 0 1 1 0 0 0 0 0 0 0 1 1 1 0 1 1 1 1 1
0 1 0 1 1 1 1 1 0 1 1 1 1 1 0 1 0 0 1 1 1 1 1 1 1 1 1 0 1 1 1 1 0 1 1 0 1 0 1 1 1 0 1 1 1
1 1 0 0 1 0 0 1 0 0 0 0 1 1 1 0 0 0 1 0 1 0 0 1 0 0 0 0 1 0 1 1 1 0 0 1 1 1 1 1 1 1 1 0 1
1 0 0 0 0 1 1 1 0 0 0 0 0 1 1 0 1 0 0 0 0 1 1 0 1 0 0 0 0 0 0 1 1 1 1 1 0 1 0 0 0 1 0 1 1
0 1 1 0 1 0 0 1 1 1 1 0 1 0 1 0 0 1 0 1 1 1 1 0 1 0 0 0 1 0 0 1 1 0 0 1 0 0 1 0 1 1 1 1 0
1 1 0 0 1 1 0 0 1 0 1 1 1 0 0 1 0 0 1 1 0 0 1 0 0 0 0 0 1 0 1 1 1 1 0 1 0 0 1 0 0 0 0 1 1
0 1 0 0 1 0 0 0 1 1 0 0 0 0 0 0 0 1 1 0 1 1 1 0 1 0 0 0 1 1 0 0 0 0 1 1 0 1 0 0 1 0 0 1 0
0 0 1 1 1 1 0 0 1 1 1 1 1 0 0 1 0 0 1 1 1 1 1 0 0 0 0 1 0 1 0 1 0 0 0 1 1 1 0 1 1 1 0 1 0
0 1 0 0 1 0 1 1 1 0 1 0 1 0 0 0 1 0 1 1 1 0 1 1 1 1 1 1 0 1 0 1 1 0 1 0 1 0 0 0 1 0 1 0 1
1 0 0 1 0 1 1 0 1 1 1 1 1 1 0 0 0 1 1 1 1 0 0 1 0 0 0 0 1 0 1 1 0 1 1 0 1 0 1 0 1 1 1 0 0
0 0 1 1 1 1 1 1 1 0 1 0 0 1 0 1 1 0 0 0 0 0 0 1 0 1 1 0 0 1 0 0 0 1 1 1 0 0 1 1 0 0 0 0 1
1 0 0 0 1 1 0 0 0 0 1 1 0 0 0 1 1 0 1 1 0 0 1 1 1 1 0 0 0 0 0 1 1 1 1 0 0 1 1 1 1 0 1 0 1
1 0 1 0 0 1 0 0 1 1 1 1 0 0 1 0 1 0 1 1 1 1 0 1 0 0 0 0 1 0 0 0 0 0 0 1 1 1 1 0 1 1 0 1 0
46 34
1 1 1 0 0 1 1 1 0 0 1 1 1 1 0 1 0 1 1 0 1 0 0 0 1 1 0 1 0 0 0 0 0 0
1 0 0 0 0 0 1 1 0 1 0 1 1 1 1 1 1 1 1 0 1 1 1 1 1 0 1 0 0 1 1 0 0 0
1 1 0 1 1 1 0 1 0 1 1 1 0 1 1 0 1 1 1 0 0 1 1 0 0 0 0 0 1 1 0 0 0 1
1 0 1 1 1 0 1 1 1 0 0 0 1 1 0 1 1 1 1 0 0 1 0 0 0 1 1 0 0 1 1 1 1 1
0 1 1 0 0 1 1 0 1 1 1 0 1 1 1 0 0 1 1 0 1 0 1 0 1 1 1 0 0 1 1 0 1 0
0 1 0 1 0 0 0 0 1 1 1 1 0 1 1 0 0 1 0 1 1 0 0 0 0 0 1 0 0 1 1 1 0 0
1 0 0 0 0 1 1 0 0 0 0 0 1 0 1 1 1 1 0 0 0 1 1 0 0 1 1 1 1 0 0 0 1 1
0 1 0 1 1 1 1 1 0 0 0 0 0 1 0 1 1 0 1 1 1 0 0 1 1 1 1 1 1 1 0 0 0 1
0 0 1 1 1 1 1 0 1 1 0 0 1 1 1 1 0 1 1 0 1 1 0 0 1 1 1 0 1 1 1 1 1 1
1 1 1 0 1 0 0 0 0 1 1 1 0 1 1 0 1 1 1 1 0 0 0 1 1 1 1 0 0 0 1 1 1 1
0 0 0 0 0 1 0 0 1 0 0 0 1 0 0 1 1 0 1 1 0 1 1 1 0 1 0 1 0 0 1 1 0 1
0 0 0 1 0 0 0 0 0 0 0 0 1 0 1 0 0 0 0 1 0 0 0 1 0 1 1 1 0 1 0 1 0 0
0 1 0 1 0 0 1 1 1 0 1 0 1 0 1 1 1 0 1 1 1 1 0 1 0 0 1 1 0 1 0 0 0 0
1 0 0 1 0 0 0 1 0 1 0 0 1 1 1 1 1 0 0 0 0 1 1 0 1 0 0 0 1 0 0 0 0 1
0 0 0 1 0 1 0 1 0 1 0 1 1 1 0 1 0 0 1 0 0 0 0 1 0 0 1 1 1 0 1 1 0 1
0 1 0 1 1 0 0 1 0 1 1 0 1 0 1 0 0 0 0 0 1 0 1 1 1 0 1 1 0 1 0 1 0 1
0 1 0 1 1 1 0 1 0 1 1 0 1 1 0 1 0 1 0 1 0 1 0 0 1 0 1 1 1 1 0 1 1 0
1 1 1 0 0 1 1 1 1 1 0 1 1 1 0 1 0 0 1 0 0 0 1 0 1 0 0 1 1 1 1 1 1 1
0 1 0 0 1 1 1 1 0 0 1 1 1 0 1 0 1 0 1 0 0 0 0 0 0 0 1 0 0 0 0 1 1 1
1 0 0 1 1 1 1 1 1 0 0 1 0 1 0 0 0 1 0 1 1 0 1 0 0 1 0 1 0 0 1 1 1 1
1 1 1 1 0 0 0 1 0 0 1 0 1 0 0 1 0 1 1 0 0 0 1 1 0 1 0 0 1 1 0 1 1 0
0 0 0 1 1 1 1 1 1 1 0 1 1 1 1 0 1 1 0 0 1 0 1 1 0 0 1 1 1 0 0 0 1 0
0 1 0 1 0 1 0 1 0 0 1 1 1 1 0 0 0 0 0 1 0 0 1 0 1 1 1 1 0 0 0 1 0 0
0 0 0 0 0 0 1 0 1 1 0 0 0 1 0 1 0 0 1 1 1 0 0 0 0 1 1 0 1 1 0 0 0 1
0 0 0 1 0 0 1 1 1 1 0 1 0 1 1 1 1 1 1 0 1 1 1 1 0 0 0 0 0 1 1 0 1 0
0 0 0 1 0 1 0 1 1 0 1 1 0 1 0 0 1 1 0 1 1 1 1 1 0 0 0 0 1 1 0 1 1 1
1 0 1 1 1 1 1 1 1 0 0 1 1 0 1 0 0 1 0 0 0 1 1 1 0 1 1 1 1 1 1 1 1 0
1 1 1 0 1 1 0 1 1 1 1 0 1 0 0 0 0 1 1 0 1 0 1 0 1 0 1 0 1 0 0 1 1 0
1 1 1 0 1 1 0 1 1 0 1 1 0 0 0 1 0 1 1 1 0 1 0 0 1 0 1 1 0 0 1 0 1 0
1 0 1 1 0 1 0 1 0 1 1 0 1 1 0 0 0 0 0 0 1 1 0 1 0 0 0 0 1 0 1 1 1 1
1 1 1 1 0 0 0 1 0 0 0 0 1 1 0 1 0 1 1 0 1 1 1 0 0 0 0 1 1 0 0 0 0 1
1 0 1 1 0 0 0 0 0 1 0 1 0 0 0 1 1 0 1 1 0 1 0 1 0 1 1 1 1 0 1 0 1 0
1 0 1 1 0 0 1 1 0 0 0 1 1 1 1 1 0 0 0 1 0 1 0 1 1 0 0 0 0 0 0 0 1 0
0 0 1 1 1 1 0 0 0 0 0 0 1 1 1 1 0 0 0 0 1 0 1 1 0 1 1 1 1 1 0 0 0 0
0 0 0 0 1 1 1 0 1 0 1 0 0 1 0 0 0 0 0 0 1 0 0 0 0 1 1 1 1 1 0 1 0 0
1 0 0 1 0 1 1 0 1 0 1 1 0 1 1 0 0 1 1 0 1 0 1 0 0 0 1 1 1 0 1 0 0 1
1 1 0 0 0 0 0 1 1 1 0 1 1 1 1 1 1 0 1 1 1 0 1 1 0 1 0 0 1 0 1 0 1 0
0 0 0 0 0 0 0 0 0 0 1 0 0 1 1 1 1 1 1 0 1 0 1 0 1 1 0 1 1 0 0 0 0 1
1 0 0 1 1 0 1 0 0 1 1 0 0 0 0 0 1 0 1 0 1 0 0 0 0 1 1 0 1 1 0 1 1 0
0 0 0 0 1 0 0 0 1 1 0 0 1 1 0 1 1 0 0 0 0 1 0 1 1 1 0 1 0 0 0 1 0 0
1 0 1 0 0 1 0 0 1 1 0 0 1 1 0 1 0 0 0 1 1 1 0 0 1 0 1 0 0 1 0 1 0 1
0 0 0 0 1 0 0 0 1 0 1 1 0 1 1 1 0 0 0 1 0 1 0 1 1 1 0 0 1 1 1 1 0 0
0 0 1 0 1 1 1 0 1 0 1 1 1 1 1 1 0 0 1 1 1 1 1 1 1 0 0 0 0 1 1 0 1 0
1 1 1 0 0 1 0 1 1 1 1 0 1 0 0 1 1 0 1 1 0 0 0 1 1 0 1 1 1 1 1 1 1 0
1 1 1 1 1 1 0 0 0 0 1 1 1 0 0 0 0 0 1 1 0 0 1 1 1 0 0 1 0 1 0 1 0 1
1 0 0 0 0 1 0 1 0 1 0 1 1 0 0 1 0 1 1 1 1 0 0 0 1 1 1 1 1 1 0 0 1 0
7 2
1 0
0 0
0 0
0 0
1 1
1 0
0 1
13 32
1 0 0 1 1 1 1 0 1 1 1 1 0 0 0 0 1 1 1 1 0 1 1 1 1 0 0 0 1 0 1 0
1 1 0 0 1 1 0 0 0 1 1 1 1 0 0 0 0 1 1 0 1 0 0 0 1 1 0 0 1 0 1 1
0 0 1 1 1 0 0 0 0 1 0 1 1 0 0 1 0 0 0 0 0 0 0 1 1 0 0 1 1 1 1 0
0 0 1 1 1 1 1 1 1 0 0 0 0 1 0 1 0 1 1 1 1 0 1 0 0 1 1 1 1 0 1 1
0 0 0 1 0 0 0 0 0 0 0 1 1 1 1 1 0 1 1 0 1 1 0 0 0 1 0 0 1 1 0 0
1 1 0 1 1 1 1 1 1 1 1 1 1 1 1 1 0 0 1 0 0 1 0 0 1 1 0 0 1 0 1 1
1 0 0 1 0 0 0 1 1 1 1 1 0 0 0 1 0 0 0 0 0 0 1 0 0 1 0 0 0 1 1 1
0 1 1 1 0 0 0 0 1 1 1 0 1 1 1 1 0 0 1 1 0 0 0 0 1 1 1 1 1 1 0 1
0 1 1 1 1 1 0 0 0 0 1 0 0 0 1 1 1 1 1 1 0 0 0 1 0 1 0 1 1 1 1 1
1 0 1 0 1 1 1 1 0 0 1 0 0 1 0 1 1 1 1 1 0 1 1 0 1 1 1 0 1 0 1 0
1 1 0 1 1 1 0 0 1 1 0 0 1 0 1 1 1 0 0 0 1 1 0 1 0 0 0 1 1 1 1 0
1 1 1 1 0 0 1 0 1 0 1 0 0 0 0 0 1 0 0 1 1 1 1 1 1 1 0 1 1 1 1 1
1 0 0 1 0 0 1 1 1 1 1 0 1 0 1 1 0 0 1 1 1 0 0 1 1 0 1 0 1 1 1 0
24 21
1 1 1 0 0 1 1 0 1 0 0 1 0 1 1 0 0 0 0 0 0
1 0 1 1 0 0 1 0 0 1 1 1 0 1 1 0 1 0 1 1 1
0 1 1 0 1 0 0 0 0 1 1 0 0 0 1 1 1 0 1 0 1
0 0 0 0 0 0 0 0 0 0 0 1 1 0 0 0 1 1 1 1 1
1 1 1 1 0 0 1 0 0 0 1 1 0 1 0 0 1 1 0 1 1
0 0 1 1 1 1 0 1 1 1 1 1 0 0 0 0 0 1 1 1 0
1 0 0 0 0 0 1 0 0 1 1 1 1 0 1 0 0 1 1 1 1
0 0 1 1 0 0 1 1 1 1 1 1 1 1 1 1 1 0 0 1 0
0 0 1 1 1 0 0 1 1 0 1 1 1 1 1 1 0 0 1 1 0
0 1 1 0 1 1 1 0 0 1 0 0 0 1 1 0 0 1 1 0 1
0 0 0 0 1 1 0 0 1 1 1 1 1 1 1 0 1 1 1 1 0
1 0 0 0 0 1 0 0 1 1 1 0 1 1 1 0 0 1 0 1 1
0 0 0 0 1 0 1 1 0 0 0 0 1 0 0 0 1 0 1 1 0
0 1 0 1 0 1 1 0 0 1 0 0 1 1 0 1 0 1 0 1 1
1 1 0 0 1 0 1 0 1 0 0 0 1 1 1 0 0 0 0 0 0
1 0 0 1 0 1 1 1 0 0 1 1 1 0 0 1 0 1 1 0 1
0 1 0 0 1 1 0 1 0 0 0 1 1 0 1 1 1 1 0 0 1
0 1 0 0 1 0 0 1 1 1 0 0 0 1 0 0 1 1 0 1 1
1 0 1 1 1 1 1 0 1 0 1 1 1 1 0 1 1 0 0 0 0
1 0 0 1 0 0 0 1 1 0 0 1 0 1 1 1 0 0 0 1 0
1 1 1 1 1 1 0 0 0 0 0 0 1 1 1 1 1 1 0 0 0
0 1 0 1 1 1 0 0 0 0 1 1 0 1 0 0 1 0 1 0 1
1 1 1 0 1 1 0 0 1 0 1 1 1 0 0 1 1 0 0 0 1
0 1 1 0 0 1 0 1 1 0 0 1 1 1 1 0 1 0 1 1 1
17 33
0 0 1 1 0 0 0 0 1 1 1 1 0 0 0 0 1 1 1 1 0 1 0 0 1 1 0 1 1 0 0 1 0
0 0 1 1 0 1 0 1 1 1 1 0 0 1 1 1 0 0 0 0 1 1 0 1 1 0 1 0 1 0 0 1 1
0 0 0 0 0 1 1 1 0 0 1 1 0 1 1 0 1 0 0 0 1 1 1 0 0 0 1 0 1 1 0 0 1
0 0 1 0 0 0 0 1 0 0 0 1 0 0 0 0 1 0 0 1 1 0 1 0 0 1 0 0 0 0 0 0 0
0 0 1 0 0 0 1 0 0 0 0 1 0 0 0 1 1 1 1 0 1 1 1 0 1 1 1 0 1 0 1 1 1
0 0 1 0 1 1 1 1 1 1 0 0 1 1 1 1 0 1 1 1 0 0 0 1 0 0 1 1 1 1 0 1 0
0 0 0 0 0 1 1 1 0 1 0 0 0 0 0 0 1 1 0 0 1 1 1 1 0 1 0 1 1 1 1 0 1
1 0 0 0 1 0 0 1 0 1 0 1 0 1 0 0 1 0 0 1 1 1 0 1 0 1 1 1 1 1 0 1 0
0 0 0 0 1 0 0 0 0 0 0 1 1 1 0 0 0 0 0 1 0 1 1 1 0 1 1 0 0 0 0 1 1
1 0 1 1 0 1 1 1 1 0 1 1 1 1 1 0 0 0 1 0 0 0 1 0 1 0 1 0 0 0 0 1 1
1 0 1 1 0 1 0 1 1 0 1 1 0 0 0 0 1 1 1 1 1 1 1 0 0 0 1 1 0 1 0 0 1
1 1 1 0 0 1 1 1 1 0 0 0 0 0 0 1 1 0 1 0 1 0 1 0 0 1 0 1 0 1 0 1 1
0 1 1 0 1 1 0 1 1 0 1 0 0 0 0 0 1 0 0 0 0 1 1 1 1 0 1 1 0 0 0 1 0
1 1 1 0 0 1 1 1 1 0 1 1 1 0 0 0 1 0 0 0 0 0 0 0 1 1 1 1 0 1 1 1 0
0 0 0 1 1 0 1 0 0 0 0 0 0 1 1 1 1 1 0 0 1 1 1 1 1 1 0 1 0 1 0 1 0
1 0 0 1 1 0 0 0 1 1 1 1 0 0 0 1 1 0 0 0 1 1 0 1 1 1 1 0 1 0 0 0 1
1 1 1 0 0 1 1 1 0 1 0 0 1 1 0 0 0 1 0 1 0 1 0 0 0 1 1 1 0 0 0 1 0
32 44
0 1 1 0 0 0 1 1 0 1 1 0 1 1 1 1 0 1 0 0 0 0 1 0 0 0 1 1 0 0 1 1 1 0 0 0 0 1 1 1 1 1 1 0
1 0 1 1 0 0 1 0 0 0 1 1 1 0 0 0 1 0 0 0 1 1 0 0 1 1 1 0 1 0 0 1 1 0 1 1 0 1 0 0 0 0 0 1
0 1 1 1 1 0 0 0 1 1 0 0 1 1 1 1 0 0 0 1 0 0 0 0 1 0 0 1 1 1 0 1 0 1 0 0 0 1 0 0 1 0 1 0
0 1 0 0 1 0 0 0 1 0 0 0 0 1 0 1 1 0 1 1 0 1 1 1 1 1 1 0 1 1 0 0 1 0 0 0 0 0 1 1 0 1 0 1
1 1 0 1 0 1 0 1 1 1 0 0 1 1 0 1 0 0 1 1 0 1 0 1 0 1 0 0 0 0 0 0 0 1 0 1 0 1 0 0 0 0 0 1
0 1 0 1 1 0 1 0 1 0 1 1 1 0 0 0 1 1 0 1 1 0 0 1 1 1 0 1 1 0 0 0 1 1 0 1 0 0 0 0 0 0 0 0
0 1 1 0 0 1 1 0 0 1 1 1 0 1 1 0 0 0 0 0 1 1 0 1 1 1 0 1 0 0 1 1 1 0 1 0 0 1 0 0 0 1 1 1
1 1 1 1 0 1 1 1 1 0 1 0 1 0 1 1 0 0 0 1 0 1 0 0 1 1 0 1 1 0 0 1 1 0 1 0 1 0 1 1 0 0 1 1
0 0 1 0 0 1 1 0 0 1 1 1 1 1 1 1 0 0 0 0 0 1 0 1 0 0 0 0 0 1 1 1 0 0 1 1 0 0 0 0 1 0 0 0
0 1 1 0 0 0 1 1 0 0 1 0 1 1 1 1 1 0 0 0 1 1 0 0 0 0 0 0 0 0 0 1 0 1 1 0 0 0 1 1 1 0 0 0
1 0 0 0 0 1 1 0 0 1 0 0 0 1 0 0 0 1 1 0 0 0 0 0 0 0 1 0 0 0 0 1 1 1 1 1 1 0 0 0 1 0 0 0
1 1 1 1 0 0 1 0 0 1 0 0 1 1 0 0 0 1 0 1 1 0 0 0 1 1 0 0 0 1 1 0 1 0 0 1 0 1 1 1 1 1 0 0
1 0 0 1 0 0 0 0 0 1 0 0 0 1 0 0 1 0 0 1 0 1 0 0 0 0 1 0 0 0 1 1 1 0 1 1 1 1 0 0 0 1 1 1
0 0 0 0 1 0 0 0 0 1 1 0 0 0 1 1 1 0 0 0 0 1 1 1 1 1 1 1 0 1 1 0 1 1 1 0 0 0 0 0 0 1 1 1
0 0 1 0 1 0 1 0 1 0 1 0 1 0 0 0 0 0 1 1 0 1 1 0 0 1 0 0 0 0 1 0 1 0 0 0 0 0 1 1 1 1 1 1
1 1 1 1 0 1 1 1 1 0 1 0 1 1 0 1 0 1 1 1 0 1 1 1 0 1 0 0 1 0 0 1 0 0 1 0 0 0 1 1 0 0 1 1
1 0 1 1 1 1 1 0 1 1 1 0 1 1 0 0 0 0 0 1 0 1 0 1 1 0 0 0 1 0 1 1 1 1 1 0 1 1 1 1 0 1 1 0
0 1 1 1 0 0 1 0 1 1 0 0 1 0 0 0 1 0 1 0 1 1 1 1 1 1 0 1 1 0 1 0 1 0 1 0 1 0 1 1 1 0 0 0
1 0 1 0 1 1 0 1 0 0 1 1 0 1 0 1 0 1 1 0 1 1 1 1 0 0 1 0 1 0 1 1 1 1 1 1 0 0 0 1 1 0 0 0
1 0 1 1 1 0 0 0 1 0 1 0 0 0 1 0 1 1 0 0 1 0 0 1 0 0 0 0 0 1 1 1 1 0 0 0 0 0 0 1 1 1 1 0
1 1 1 0 0 1 0 1 1 1 1 1 0 1 1 0 0 1 0 0 1 0 0 1 0 0 0 1 0 0 0 0 0 0 1 1 1 1 1 1 0 0 1 0
1 0 1 1 1 1 1 0 1 1 1 1 1 1 0 0 0 1 0 1 0 0 1 0 1 1 1 1 1 1 0 1 1 1 1 1 1 1 0 1 0 0 0 1
0 0 1 1 0 1 0 1 1 1 0 0 0 0 1 1 1 0 1 0 1 1 0 0 0 0 1 1 0 1 1 1 1 1 1 1 1 0 1 0 1 1 1 1
1 1 0 1 1 0 0 1 1 0 0 0 0 0 0 1 0 1 1 1 0 0 0 0 1 0 0 0 1 1 0 1 1 0 1 1 1 1 1 1 1 1 1 0
0 0 1 0 0 1 1 0 0 1 1 1 0 0 1 0 0 0 1 1 1 1 1 1 1 1 1 1 1 0 0 0 0 1 1 0 0 0 1 0 1 0 1 1
1 1 0 0 1 0 0 0 0 0 0 1 1 0 0 1 1 1 0 0 0 1 1 1 0 1 1 1 1 0 1 0 1 1 0 1 1 1 0 0 0 1 0 0
0 1 1 1 0 1 0 1 1 0 1 1 0 0 1 0 0 0 0 0 1 1 0 1 1 0 1 0 1 0 0 0 1 1 0 0 1 1 1 1 0 0 0 1
0 0 1 0 1 1 1 1 0 0 0 1 1 0 1 1 1 0 1 1 1 0 0 0 0 0 0 1 0 1 0 0 0 0 1 0 0 1 0 0 1 1 1 1
1 0 1 1 0 1 1 0 0 1 1 1 1 0 1 0 1 0 1 1 0 0 1 1 0 0 0 0 1 1 0 0 1 0 0 1 0 0 0 0 0 0 0 1
1 1 0 1 0 1 0 1 1 1 1 0 1 1 1 0 1 0 0 1 0 1 1 1 1 0 0 1 1 1 1 0 1 1 0 1 0 0 0 0 1 1 1 0
1 0 1 0 0 0 0 0 1 1 1 0 1 1 1 1 0 1 0 1 0 0 1 0 1 1 1 1 1 1 1 1 0 1 0 0 1 1 0 0 0 0 0 1
1 1 0 0 0 1 0 1 0 0 1 0 1 0 0 0 1 0 0 0 1 0 1 1 1 0 0 1 1 0 0 1 1 0 1 0 1 0 0 0 0 1 1 1
